0.0 -150.87750000000108 1.8359299824e-06 0.40321642891
0.0 -140.819000000001 0.055110624534 0.40217167445
0.0 -130.76050000000092 0.11013576529 0.39896203542
0.0 -120.70200000000085 0.16496196144 0.39335534206
0.0 -110.64350000000078 0.2194049469 0.38495247511
0.0 -100.58500000000072 0.27316951191 0.37317566895
0.0 -90.52650000000064 0.32579302537 0.35726643633
0.0 -80.46800000000057 0.37655384886 0.33631022372
0.0 -70.4095000000005 0.42428947723 0.30930993886
0.0 -60.351000000000425 0.46698212202 0.27532787765
0.0 -50.29250000000036 0.50076099536 0.23369781442
0.0 -40.234000000000286 0.51751617032 0.1842955248
0.0 -30.175500000000213 0.49968464644 0.12802099016
0.0 -20.117000000000143 0.41309899982 0.068717518831
0.0 -10.058500000000071 0.22637352141 0.019343689534
0.0 0.0 0.0 0.0
0.0 10.058500000000071 -0.22637281811 0.019343753421
0.0 20.117000000000143 -0.41309835822 0.068717664401
0.0 30.175500000000213 -0.49968427654 0.1280211872
0.0 40.234000000000286 -0.51751598088 0.18429573253
0.0 50.29250000000036 -0.50076090128 0.23369801081
0.0 60.351000000000425 -0.4669820752 0.27532805754
0.0 70.4095000000005 -0.42428945221 0.30931010619
0.0 80.46800000000057 -0.3765538305 0.33631038688
0.0 90.52650000000064 -0.3257930004 0.35726660652
0.0 100.58500000000072 -0.27316946076 0.37317586009
0.0 110.64350000000078 -0.21940483039 0.38495270391
0.0 120.70200000000085 -0.1649616924 0.39335562522
0.0 130.76050000000092 -0.11013514105 0.39896237579
0.0 140.819000000001 -0.055109150474 0.40217200803
0.0 150.87750000000108 1.8359299824e-06 0.40321642891
10.051000000000673 -150.87750000000108 2.2580852974e-06 0.37546429388
10.051000000000673 -140.819000000001 0.054771960951 0.37493362185
10.051000000000673 -130.76050000000092 0.10952064315 0.37330952179
10.051000000000673 -120.70200000000085 0.16420836293 0.37049379906
10.051000000000673 -110.64350000000078 0.21874997248 0.36632034031
10.051000000000673 -100.58500000000072 0.27298229588 0.36055537357
10.051000000000673 -90.52650000000064 0.32661163706 0.35290651707
10.051000000000673 -80.46800000000057 0.37911721205 0.34305173281
10.051000000000673 -70.4095000000005 0.42955190125 0.33070457316
10.051000000000673 -60.351000000000425 0.47609881196 0.31573480566
10.051000000000673 -50.29250000000036 0.51504452254 0.29835218144
10.051000000000673 -40.234000000000286 0.53838560341 0.27929952456
10.051000000000673 -30.175500000000213 0.52853743366 0.25978755868
10.051000000000673 -20.117000000000143 0.44974149737 0.24044618151
10.051000000000673 -10.058500000000071 0.25836817366 0.22014629235
10.051000000000673 0.0 1.6588143995e-07 0.20767008727
10.051000000000673 10.058500000000071 -0.25836756884 0.22014627101
10.051000000000673 20.117000000000143 -0.4497410077 0.2404462519
10.051000000000673 30.175500000000213 -0.52853715174 0.2597876819
10.051000000000673 40.234000000000286 -0.53838545378 0.27929965821
10.051000000000673 50.29250000000036 -0.51504444413 0.2983523077
10.051000000000673 60.351000000000425 -0.4760987702 0.31573492112
10.051000000000673 70.4095000000005 -0.42955187703 0.33070468117
10.051000000000673 80.46800000000057 -0.37911719277 0.34305183992
10.051000000000673 90.52650000000064 -0.32661160964 0.3529066318
10.051000000000673 100.58500000000072 -0.27298223807 0.36055550598
10.051000000000673 110.64350000000078 -0.21874983653 0.36632050088
10.051000000000673 120.70200000000085 -0.16420803833 0.3704939942
10.051000000000673 130.76050000000092 -0.109519867 0.37330974053
10.051000000000673 140.819000000001 -0.054770095182 0.37493380436
10.051000000000673 150.87750000000108 2.2580852974e-06 0.37546429388
20.102000000001347 -150.87750000000108 2.4459968816e-06 0.33595024024
20.102000000001347 -140.819000000001 0.054315784944 0.33570036813
20.102000000001347 -130.76050000000092 0.1086300121 0.33494217114
20.102000000001347 -120.70200000000085 0.16293332096 0.33365042302
20.102000000001347 -110.64350000000078 0.21718008737 0.3317868695
20.102000000001347 -100.58500000000072 0.27126138325 0.32930906922
20.102000000001347 -90.52650000000064 0.3249512054 0.32619007073
20.102000000001347 -80.46800000000057 0.37779932659 0.32245919493
20.102000000001347 -70.4095000000005 0.42890486275 0.31828185747
20.102000000001347 -60.351000000000425 0.4764206707 0.31410729018
20.102000000001347 -50.29250000000036 0.51645215233 0.31092074747
20.102000000001347 -40.234000000000286 0.54063572062 0.3105979212
20.102000000001347 -30.175500000000213 0.53119055947 0.31605928994
20.102000000001347 -20.117000000000143 0.45383680485 0.3295731837
20.102000000001347 -10.058500000000071 0.26724887527 0.34553301814
20.102000000001347 0.0 2.4647298665e-07 0.35101175452
20.102000000001347 10.058500000000071 -0.26724831765 0.3455330368
20.102000000001347 20.117000000000143 -0.45383639772 0.32957325375
20.102000000001347 30.175500000000213 -0.5311903253 0.31605937795
20.102000000001347 40.234000000000286 -0.54063559415 0.31059800718
20.102000000001347 50.29250000000036 -0.51645208441 0.31092082595
20.102000000001347 60.351000000000425 -0.47642063329 0.31410736176
20.102000000001347 70.4095000000005 -0.42890483978 0.31828192541
20.102000000001347 80.46800000000057 -0.37779930649 0.32245926386
20.102000000001347 90.52650000000064 -0.32495117437 0.32619014617
20.102000000001347 100.58500000000072 -0.27126131582 0.32930915699
20.102000000001347 110.64350000000078 -0.21717992744 0.33178697419
20.102000000001347 120.70200000000085 -0.16293293947 0.33365054399
20.102000000001347 130.76050000000092 -0.1086291099 0.33494229453
20.102000000001347 140.819000000001 -0.054313671918 0.3357004566
20.102000000001347 150.87750000000108 2.4459968816e-06 0.33595024024
30.15300000000202 -150.87750000000108 2.5322178967e-06 0.29026968063
30.15300000000202 -140.819000000001 0.053883596739 0.29016971824
30.15300000000202 -130.76050000000092 0.10776903781 0.28987314133
30.15300000000202 -120.70200000000085 0.16165318769 0.28939164867
30.15300000000202 -110.64350000000078 0.21550097708 0.28875191481
30.15300000000202 -100.58500000000072 0.26921814502 0.28800941748
30.15300000000202 -90.52650000000064 0.32259220589 0.28727518504
30.15300000000202 -80.46800000000057 0.37516941109 0.28676652507
30.15300000000202 -70.4095000000005 0.42599145699 0.28690262342
30.15300000000202 -60.351000000000425 0.47302641102 0.288482126
30.15300000000202 -50.29250000000036 0.51194777172 0.29299703986
30.15300000000202 -40.234000000000286 0.53361632602 0.3031012898
30.15300000000202 -30.175500000000213 0.51953987122 0.32286467848
30.15300000000202 -20.117000000000143 0.43751537504 0.3555657862
30.15300000000202 -10.058500000000071 0.2557312896 0.39343553948
30.15300000000202 0.0 2.7086838081e-07 0.41106470473
30.15300000000202 10.058500000000071 -0.25573076097 0.39343559423
30.15300000000202 20.117000000000143 -0.43751499849 0.35556587023
30.15300000000202 30.175500000000213 -0.5195396537 0.32286475667
30.15300000000202 40.234000000000286 -0.53361620903 0.30310135444
30.15300000000202 50.29250000000036 -0.51194770931 0.29299709375
30.15300000000202 60.351000000000425 -0.47302637653 0.28848217319
30.15300000000202 70.4095000000005 -0.42599143493 0.28690266773
30.15300000000202 80.46800000000057 -0.37516938974 0.28676657013
30.15300000000202 90.52650000000064 -0.32259217025 0.28727523439
30.15300000000202 100.58500000000072 -0.26921806649 0.2880094741
30.15300000000202 110.64350000000078 -0.21550079306 0.28875197994
30.15300000000202 120.70200000000085 -0.16165275727 0.28939171935
30.15300000000202 130.76050000000092 -0.10776804455 0.28987320693
30.15300000000202 140.819000000001 -0.053881337639 0.29016975928
30.15300000000202 150.87750000000108 2.5322178967e-06 0.29026968063
40.204000000002694 -150.87750000000108 2.5736192204e-06 0.2413730789
40.204000000002694 -140.819000000001 0.053524113136 0.24135313873
40.204000000002694 -130.76050000000092 0.10704618002 0.24130269752
40.204000000002694 -120.70200000000085 0.1605599308 0.24125240336
40.204000000002694 -110.64350000000078 0.21402755161 0.24126275682
40.204000000002694 -100.58500000000072 0.26734984726 0.24144161622
40.204000000002694 -90.52650000000064 0.32029913055 0.24197695834
40.204000000002694 -80.46800000000057 0.37237652675 0.2431973597
40.204000000002694 -70.4095000000005 0.42250629234 0.24568378877
40.204000000002694 -60.351000000000425 0.46838533035 0.25047400989
40.204000000002694 -50.29250000000036 0.50513568969 0.25941573826
40.204000000002694 -40.234000000000286 0.52271069778 0.2756609745
40.204000000002694 -30.175500000000213 0.50192310231 0.30377118397
40.204000000002694 -20.117000000000143 0.41331257986 0.34669453305
40.204000000002694 -10.058500000000071 0.23639057561 0.39423180235
40.204000000002694 0.0 2.6927481716e-07 0.41648969189
40.204000000002694 10.058500000000071 -0.23639006891 0.39423187423
40.204000000002694 20.117000000000143 -0.41331221033 0.34669462821
40.204000000002694 30.175500000000213 -0.50192288439 0.30377126292
40.204000000002694 40.234000000000286 -0.52271058089 0.27566103234
40.204000000002694 50.29250000000036 -0.50513562826 0.25941578151
40.204000000002694 60.351000000000425 -0.4683852967 0.25047404482
40.204000000002694 70.4095000000005 -0.42250627017 0.24568381989
40.204000000002694 80.46800000000057 -0.37237650349 0.24319739031
40.204000000002694 90.52650000000064 -0.32029908985 0.2419769909
40.204000000002694 100.58500000000072 -0.267349758 0.24144165228
40.204000000002694 110.64350000000078 -0.21402734684 0.24126279631
40.204000000002694 120.70200000000085 -0.16055946312 0.24125244345
40.204000000002694 130.76050000000092 -0.10704512603 0.24130273153
40.204000000002694 140.819000000001 -0.053521769746 0.24135315747
40.204000000002694 150.87750000000108 2.5736192204e-06 0.2413730789
50.25500000000336 -150.87750000000108 2.5945491629e-06 0.1907834601
50.25500000000336 -140.819000000001 0.053241190803 0.19080706739
50.25500000000336 -130.76050000000092 0.10647371016 0.19089069988
50.25500000000336 -120.70200000000085 0.15968412672 0.19107588255
50.25500000000336 -110.64350000000078 0.21282524927 0.19144319878
50.25500000000336 -100.58500000000072 0.26578198947 0.19213323382
50.25500000000336 -90.52650000000064 0.31829401947 0.19338532099
50.25500000000336 -80.46800000000057 0.36979084564 0.19560801275
50.25500000000336 -70.4095000000005 0.41904154918 0.19950679185
50.25500000000336 -60.351000000000425 0.4634247157 0.20631106596
50.25500000000336 -50.29250000000036 0.49747308589 0.21814769835
50.25500000000336 -40.234000000000286 0.51027870375 0.23850028356
50.25500000000336 -30.175500000000213 0.48229629144 0.27201983317
50.25500000000336 -20.117000000000143 0.38753899252 0.32060088458
50.25500000000336 -10.058500000000071 0.21622878775 0.37172904398
50.25500000000336 0.0 2.5865119014e-07 0.39501045086
50.25500000000336 10.058500000000071 -0.21622830026 0.37172912259
50.25500000000336 20.117000000000143 -0.38753862163 0.32060098743
50.25500000000336 30.175500000000213 -0.48229606492 0.27201991685
50.25500000000336 40.234000000000286 -0.51027858106 0.23850034156
50.25500000000336 50.29250000000036 -0.4974730218 0.21814773827
50.25500000000336 60.351000000000425 -0.46342468081 0.20631109536
50.25500000000336 70.4095000000005 -0.41904152573 0.19950681592
50.25500000000336 80.46800000000057 -0.36979081992 0.19560803478
50.25500000000336 90.52650000000064 -0.31829397382 0.19338534305
50.25500000000336 100.58500000000072 -0.26578189098 0.19213325691
50.25500000000336 110.64350000000078 -0.21282502833 0.19144322261
50.25500000000336 120.70200000000085 -0.1596836327 0.19107590513
50.25500000000336 130.76050000000092 -0.10647261738 0.19089071749
50.25500000000336 140.819000000001 -0.053238798949 0.19080707597
50.25500000000336 150.87750000000108 2.5945491629e-06 0.1907834601
60.30600000000404 -150.87750000000108 2.6056956163e-06 0.13928311313
60.30600000000404 -140.819000000001 0.05302055848 0.13933134993
60.30600000000404 -130.76050000000092 0.10602447227 0.13949122018
60.30600000000404 -120.70200000000085 0.15898883603 0.13981184974
60.30600000000404 -110.64350000000078 0.21185273345 0.14038844461
60.30600000000404 -100.58500000000072 0.26447736852 0.14138674514
60.30600000000404 -90.52650000000064 0.31655666641 0.14308795254
60.30600000000404 -80.46800000000057 0.3674281241 0.14596944436
60.30600000000404 -70.4095000000005 0.41567714834 0.15084823774
60.30600000000404 -60.351000000000425 0.45833248737 0.15912826811
60.30600000000404 -50.29250000000036 0.48932871455 0.17318460922
60.30600000000404 -40.234000000000286 0.49699663201 0.1967561022
60.30600000000404 -30.175500000000213 0.46184413387 0.23438759938
60.30600000000404 -20.117000000000143 0.36200133019 0.2866290651
60.30600000000404 -10.058500000000071 0.19714753508 0.33897121757
60.30600000000404 0.0 2.4536120345e-07 0.36203735846
60.30600000000404 10.058500000000071 -0.19714706609 0.33897129876
60.30600000000404 20.117000000000143 -0.36200095577 0.28662917398
60.30600000000404 30.175500000000213 -0.46184389477 0.23438768959
60.30600000000404 40.234000000000286 -0.49699649959 0.19675616384
60.30600000000404 50.29250000000036 -0.48932864493 0.17318464966
60.30600000000404 60.351000000000425 -0.45833244939 0.15912829573
60.30600000000404 70.4095000000005 -0.41567712258 0.15084825832
60.30600000000404 80.46800000000057 -0.36742809554 0.14596946148
60.30600000000404 90.52650000000064 -0.31655661628 0.14308796825
60.30600000000404 100.58500000000072 -0.26447726262 0.14138676036
60.30600000000404 110.64350000000078 -0.21185250066 0.14038845925
60.30600000000404 120.70200000000085 -0.15898832424 0.13981186269
60.30600000000404 130.76050000000092 -0.10602335529 0.13949122952
60.30600000000404 140.819000000001 -0.053018138592 0.139331354
60.30600000000404 150.87750000000108 2.6056956163e-06 0.13928311313
70.35700000000472 -150.87750000000108 2.6119488063e-06 0.08727417098
70.35700000000472 -140.819000000001 0.052842473951 0.087337129731
70.35700000000472 -130.76050000000092 0.10565892955 0.087543156759
70.35700000000472 -120.70200000000085 0.1584147303 0.087947924809
70.35700000000472 -110.64350000000078 0.2110311034 0.088659623221
70.35700000000472 -100.58500000000072 0.26333812727 0.089867164866
70.35700000000472 -90.52650000000064 0.31497134371 0.091891766054
70.35700000000472 -80.46800000000057 0.36515602361 0.095278760438
70.35700000000472 -70.4095000000005 0.4122643519 0.10095819447
70.35700000000472 -60.351000000000425 0.45293955906 0.11051395074
70.35700000000472 -50.29250000000036 0.48049973893 0.12657690149
70.35700000000472 -40.234000000000286 0.48260479268 0.15312963315
70.35700000000472 -30.175500000000213 0.4402445489 0.19450793404
70.35700000000472 -20.117000000000143 0.33633285291 0.24973723236
70.35700000000472 -10.058500000000071 0.17886733773 0.30255177617
70.35700000000472 0.0 2.3094333809e-07 0.32508846218
70.35700000000472 10.058500000000071 -0.17886688815 0.3025518586
70.35700000000472 20.117000000000143 -0.33633247532 0.2497373469
70.35700000000472 30.175500000000213 -0.4402442949 0.19450803216
70.35700000000472 40.234000000000286 -0.48260464735 0.15312970067
70.35700000000472 50.29250000000036 -0.48049966122 0.12657694478
70.35700000000472 60.351000000000425 -0.4529395163 0.11051397881
70.35700000000472 70.4095000000005 -0.41226432286 0.10095821379
70.35700000000472 80.46800000000057 -0.36515599195 0.095278774992
70.35700000000472 90.52650000000064 -0.31497128962 0.0918917781
70.35700000000472 100.58500000000072 -0.26333801563 0.089867175501
70.35700000000472 110.64350000000078 -0.21103086224 0.088659632674
70.35700000000472 120.70200000000085 -0.15841420682 0.087947932615
70.35700000000472 130.76050000000092 -0.10565779762 0.087543162049
70.35700000000472 140.819000000001 -0.052840037685 0.087337131882
70.35700000000472 150.87750000000108 2.6119488063e-06 0.08727417098
80.40800000000539 -150.87750000000108 2.6156644454e-06 0.034962789287
80.40800000000539 -140.819000000001 0.052686530976 0.035035161241
80.40800000000539 -130.76050000000092 0.10533549094 0.035271435279
80.40800000000539 -120.70200000000085 0.15789742566 0.035733946081
80.40800000000539 -110.64350000000078 0.21027056086 0.036544325001
80.40800000000539 -100.58500000000072 0.26224493579 0.037916001389
80.40800000000539 -90.52650000000064 0.31338241459 0.040213534239
80.40800000000539 -80.46800000000057 0.36277055768 0.044057650698
80.40800000000539 -70.4095000000005 0.40852812357 0.050506767216
80.40800000000539 -60.351000000000425 0.44685702586 0.061353207918
80.40800000000539 -50.29250000000036 0.47041074394 0.079525483045
80.40800000000539 -40.234000000000286 0.46625688846 0.10926994288
80.40800000000539 -30.175500000000213 0.41639182052 0.15458932511
80.40800000000539 -20.117000000000143 0.30935806579 0.21272231286
80.40800000000539 -10.058500000000071 0.16052065143 0.26579377319
80.40800000000539 0.0 2.1524747666e-07 0.28773000324
80.40800000000539 10.058500000000071 -0.16052022377 0.26579385634
80.40800000000539 20.117000000000143 -0.30935768685 0.2127224332
80.40800000000539 30.175500000000213 -0.41639155001 0.15458943263
80.40800000000539 40.234000000000286 -0.46625672703 0.10927001836
80.40800000000539 50.29250000000036 -0.4704106554 0.079525531112
80.40800000000539 60.351000000000425 -0.44685697648 0.061353238092
80.40800000000539 70.4095000000005 -0.4085280902 0.050506786801
80.40800000000539 80.46800000000057 -0.36277052255 0.044057664258
80.40800000000539 90.52650000000064 -0.3133823569 0.040213544396
80.40800000000539 100.58500000000072 -0.26224481969 0.037916009517
80.40800000000539 110.64350000000078 -0.21027031384 0.036544331652
80.40800000000539 120.70200000000085 -0.1578968946 0.035733951255
80.40800000000539 130.76050000000092 -0.10533434986 0.035271438684
80.40800000000539 140.819000000001 -0.052684085058 0.035035162674
80.40800000000539 150.87750000000108 2.6156644454e-06 0.034962789287
90.45900000000606 -150.87750000000108 2.6180390053e-06 -0.017547629624
90.45900000000606 -140.819000000001 0.052532383107 -0.017468693075
90.45900000000606 -130.76050000000092 0.10501209434 -0.017210405351
90.45900000000606 -120.70200000000085 0.15737018483 -0.016702697234
90.45900000000606 -110.64350000000078 0.20947455864 -0.015808182032
90.45900000000606 -100.58500000000072 0.26106285583 -0.014284302473
90.45900000000606 -90.52650000000064 0.31160191947 -0.011714147034
90.45900000000606 -80.46800000000057 0.36000502474 -0.0073842881174
90.45900000000606 -70.4095000000005 0.40407739422 -7.5937742869e-05
90.45900000000606 -60.351000000000425 0.43949231753 0.012265404383
90.45900000000606 -50.29250000000036 0.45815956503 0.032933988051
90.45900000000606 -40.234000000000286 0.44667345763 0.066446192429
90.45900000000606 -30.175500000000213 0.38880664784 0.1162186737
90.45900000000606 -20.117000000000143 0.27979348426 0.17729208985
90.45900000000606 -10.058500000000071 0.14131487505 0.2303787909
90.45900000000606 0.0 1.9777068622e-07 0.25161202242
90.45900000000606 10.058500000000071 -0.1413144734 0.23037887417
90.45900000000606 20.117000000000143 -0.27979310731 0.17729221591
90.45900000000606 30.175500000000213 -0.38880635984 0.11621879211
90.45900000000606 40.234000000000286 -0.44667327652 0.066446278202
90.45900000000606 50.29250000000036 -0.45815946233 0.032934042991
90.45900000000606 60.351000000000425 -0.43949225923 0.012265438294
90.45900000000606 70.4095000000005 -0.40407735518 -7.5916577929e-05
90.45900000000606 80.46800000000057 -0.36000498554 -0.0073842743553
90.45900000000606 90.52650000000064 -0.31160185825 -0.011714137541
90.45900000000606 100.58500000000072 -0.26106273609 -0.014284295521
90.45900000000606 110.64350000000078 -0.20947430743 -0.015808176753
90.45900000000606 120.70200000000085 -0.15736964885 -0.01670269329
90.45900000000606 130.76050000000092 -0.10501094771 -0.017210402703
90.45900000000606 140.819000000001 -0.052529931497 -0.017468691784
90.45900000000606 150.87750000000108 2.6180390053e-06 -0.017547629624
100.51000000000673 -150.87750000000108 2.6197022626e-06 -0.070209116003
100.51000000000673 -140.819000000001 0.052358276064 -0.070124845364
100.51000000000673 -130.76050000000092 0.10464305968 -0.069847538651
100.51000000000673 -120.70200000000085 0.15675862346 -0.069297059027
100.51000000000673 -110.64350000000078 0.20853152538 -0.068315446515
100.51000000000673 -100.58500000000072 0.25962868706 -0.066621885178
100.51000000000673 -90.52650000000064 0.30939034036 -0.063730182857
100.51000000000673 -80.46800000000057 0.35650114289 -0.058803460745
100.51000000000673 -70.4095000000005 0.3983638627 -0.050409434267
100.51000000000673 -60.351000000000425 0.42999905753 -0.036151158303
100.51000000000673 -50.29250000000036 0.44248636098 -0.012291452016
100.51000000000673 -40.234000000000286 0.42221825056 0.025880043063
100.51000000000673 -30.175500000000213 0.35593046007 0.080706567649
100.51000000000673 -20.117000000000143 0.24665059413 0.14452371703
100.51000000000673 -10.058500000000071 0.12080062357 0.19707878087
100.51000000000673 0.0 1.7820562615e-07 0.21738008433
100.51000000000673 10.058500000000071 -0.12080025313 0.19707886317
100.51000000000673 20.117000000000143 -0.24665022435 0.14452384793
100.51000000000673 30.175500000000213 -0.35593015494 0.080706698113
100.51000000000673 40.234000000000286 -0.42221804588 0.025880141862
100.51000000000673 50.29250000000036 -0.44248623985 -0.012291387551
100.51000000000673 60.351000000000425 -0.42999898719 -0.036151118664
100.51000000000673 70.4095000000005 -0.39836381604 -0.050409410083
100.51000000000673 80.46800000000057 -0.35650109859 -0.05880344566
100.51000000000673 90.52650000000064 -0.30939027529 -0.063730173052
100.51000000000673 100.58500000000072 -0.25962856398 -0.066621878472
100.51000000000673 110.64350000000078 -0.20853127096 -0.068315441707
100.51000000000673 120.70200000000085 -0.15675808426 -0.0692970555
100.51000000000673 130.76050000000092 -0.10464190978 -0.069847536147
100.51000000000673 140.819000000001 -0.052355821188 -0.070124843916
100.51000000000673 150.87750000000108 2.6197022626e-06 -0.070209116003
110.56100000000741 -150.87750000000108 2.620972027e-06 -0.12300445877
110.56100000000741 -140.819000000001 0.05213806249 -0.122914422
110.56100000000741 -130.76050000000092 0.10417261059 -0.12261548252
110.56100000000741 -120.70200000000085 0.15596965519 -0.12201308413
110.56100000000741 -110.64350000000078 0.20729740892 -0.12091992539
110.56100000000741 -100.58500000000072 0.25772426401 -0.11900083845
110.56100000000741 -90.52650000000064 0.30641647556 -0.11567165485
110.56100000000741 -80.46800000000057 0.35175012572 -0.10992246647
110.56100000000741 -70.4095000000005 0.39060011948 -0.10002805289
110.56100000000741 -60.351000000000425 0.41717986276 -0.083145931434
110.56100000000741 -50.29250000000036 0.42171094959 -0.055048892835
110.56100000000741 -40.234000000000286 0.39099640208 -0.011100464805
110.56100000000741 -30.175500000000213 0.3164452459 0.049171359309
110.56100000000741 -20.117000000000143 0.20953314748 0.11499894867
110.56100000000741 -10.058500000000071 0.098984815794 0.16605378456
110.56100000000741 0.0 1.5666819468e-07 0.18506283396
110.56100000000741 10.058500000000071 -0.098984482241 0.16605386414
110.56100000000741 20.117000000000143 -0.20953279208 0.11499908223
110.56100000000741 30.175500000000213 -0.31644492644 0.049171501887
110.56100000000741 40.234000000000286 -0.39099617029 -0.011100350154
110.56100000000741 50.29250000000036 -0.42171080474 -0.055048815427
110.56100000000741 60.351000000000425 -0.4171797761 -0.083145883352
110.56100000000741 70.4095000000005 -0.39060006233 -0.10002802379
110.56100000000741 80.46800000000057 -0.35175007457 -0.10992244873
110.56100000000741 90.52650000000064 -0.30641640573 -0.11567164374
110.56100000000741 100.58500000000072 -0.25772413737 -0.1190008312
110.56100000000741 110.64350000000078 -0.20729715169 -0.1209199204
110.56100000000741 120.70200000000085 -0.15596911374 -0.12201308049
110.56100000000741 130.76050000000092 -0.1041714589 -0.12261547979
110.56100000000741 140.819000000001 -0.052135605971 -0.12291442022
110.56100000000741 150.87750000000108 2.620972027e-06 -0.12300445877
120.61200000000808 -150.87750000000108 2.6219468128e-06 -0.17593277252
120.61200000000808 -140.819000000001 0.051836522395 -0.17583393604
120.61200000000808 -130.76050000000092 0.10352461259 -0.17550188718
120.61200000000808 -120.70200000000085 0.154873752 -0.1748199103
120.61200000000808 -110.64350000000078 0.20556734152 -0.17355613941
120.61200000000808 -100.58500000000072 0.25503282277 -0.17129399585
120.61200000000808 -90.52650000000064 0.3021919666 -0.16730504141
120.61200000000808 -80.46800000000057 0.34499799588 -0.16033095318
120.61200000000808 -70.4095000000005 0.37963380393 -0.14824481408
120.61200000000808 -60.351000000000425 0.39935509113 -0.12765253056
120.61200000000808 -50.29250000000036 0.39369877929 -0.093905602095
120.61200000000808 -40.234000000000286 0.35109105555 -0.043056440592
120.61200000000808 -30.175500000000213 0.26969124183 0.022435224258
120.61200000000808 -20.117000000000143 0.16886926613 0.088780866012
120.61200000000808 -10.058500000000071 0.076349051887 0.13698061499
120.61200000000808 0.0 1.3375535874e-07 0.15426009881
120.61200000000808 10.058500000000071 -0.076348760326 0.13698068961
120.61200000000808 20.117000000000143 -0.16886893411 0.088780998505
120.61200000000808 30.175500000000213 -0.26969091456 0.022435377054
120.61200000000808 40.234000000000286 -0.35109079504 -0.043056307955
120.61200000000808 50.29250000000036 -0.39369860475 -0.093905507627
120.61200000000808 60.351000000000425 -0.3993549824 -0.12765247027
120.61200000000808 70.4095000000005 -0.3796337321 -0.1482447773
120.61200000000808 80.46800000000057 -0.34499793511 -0.16033093091
120.61200000000808 90.52650000000064 -0.30219189031 -0.16730502771
120.61200000000808 100.58500000000072 -0.25503269167 -0.17129398716
120.61200000000808 110.64350000000078 -0.20556708129 -0.17355613361
120.61200000000808 120.70200000000085 -0.15487320877 -0.17481990612
120.61200000000808 130.76050000000092 -0.10352346016 -0.17550188396
120.61200000000808 140.819000000001 -0.051834065522 -0.17583393381
120.61200000000808 150.87750000000108 2.6219468128e-06 -0.17593277252
130.66300000000876 -150.87750000000108 2.6224979962e-06 -0.22899764281
130.66300000000876 -140.819000000001 0.051402020271 -0.22888209826
130.66300000000876 -130.76050000000092 0.10258633196 -0.22848901225
130.66300000000876 -120.70200000000085 0.15327660749 -0.22766602759
130.66300000000876 -110.64350000000078 0.20303011468 -0.22611090664
130.66300000000876 -100.58500000000072 0.25106899782 -0.22328145032
130.66300000000876 -90.52650000000064 0.29596775474 -0.21823309124
130.66300000000876 -80.46800000000057 0.3351016864 -0.20935141363
130.66300000000876 -70.4095000000005 0.36377488744 -0.19397817799
130.66300000000876 -60.351000000000425 0.37423573055 -0.16811959225
130.66300000000876 -50.29250000000036 0.35597351744 -0.12705389733
130.66300000000876 -40.234000000000286 0.30106189119 -0.068624636564
130.66300000000876 -30.175500000000213 0.21614290868 0.0007906779242
130.66300000000876 -20.117000000000143 0.12601084639 0.065367785783
130.66300000000876 -10.058500000000071 0.05376475752 0.1091719873
130.66300000000876 0.0 1.1046380185e-07 0.12430223314
130.66300000000876 10.058500000000071 -0.053764511382 0.10917205458
130.66300000000876 20.117000000000143 -0.12601054738 0.065367912144
130.66300000000876 30.175500000000213 -0.21614258445 0.00079083630798
130.66300000000876 40.234000000000286 -0.30106160461 -0.068624485904
130.66300000000876 50.29250000000036 -0.35597330791 -0.12705378164
130.66300000000876 60.351000000000425 -0.37423559259 -0.16811951479
130.66300000000876 70.4095000000005 -0.36377479501 -0.19397812953
130.66300000000876 80.46800000000057 -0.33510161179 -0.20935138398
130.66300000000876 90.52650000000064 -0.29596766913 -0.21823307302
130.66300000000876 100.58500000000072 -0.25106886048 -0.22328143889
130.66300000000876 110.64350000000078 -0.20302985056 -0.22611089919
130.66300000000876 120.70200000000085 -0.15327606246 -0.22766602239
130.66300000000876 130.76050000000092 -0.10258517958 -0.22848900833
130.66300000000876 140.819000000001 -0.051399564376 -0.2288820955
130.66300000000876 150.87750000000108 2.6224979962e-06 -0.22899764281
140.71400000000943 -150.87750000000108 2.6221666888e-06 -0.28219120778
140.71400000000943 -140.819000000001 0.050754473375 -0.28204150089
140.71400000000943 -130.76050000000092 0.10118169143 -0.2815276527
140.71400000000943 -120.70200000000085 0.15087235306 -0.28043848491
140.71400000000943 -110.64350000000078 0.19919332947 -0.27835847005
140.71400000000943 -100.58500000000072 0.24506555903 -0.27454968267
140.71400000000943 -90.52650000000064 0.28657274732 -0.26774552477
140.71400000000943 -80.46800000000057 0.32032308039 -0.25583761191
140.71400000000943 -70.4095000000005 0.34059901625 -0.23552958715
140.71400000000943 -60.351000000000425 0.33891302216 -0.20238327184
140.71400000000943 -50.29250000000036 0.30617552687 -0.15246828485
140.71400000000943 -40.234000000000286 0.24073321479 -0.086921691986
140.71400000000943 -30.175500000000213 0.15775837072 -0.016234745863
140.71400000000943 -20.117000000000143 0.083089873831 0.043770400889
140.71400000000943 -10.058500000000071 0.032302330556 0.081787550799
140.71400000000943 0.0 8.7991444193e-08 0.094472535035
140.71400000000943 10.058500000000071 -0.032302130688 0.081787608663
140.71400000000943 20.117000000000143 -0.083089616284 0.043770515515
140.71400000000943 30.175500000000213 -0.15775806394 -0.016234589388
140.71400000000943 40.234000000000286 -0.24073291149 -0.086921527117
140.71400000000943 50.29250000000036 -0.30617528052 -0.15246814539
140.71400000000943 60.351000000000425 -0.33891284736 -0.2023831715
140.71400000000943 70.4095000000005 -0.34059889537 -0.23552952139
140.71400000000943 80.46800000000057 -0.32032298572 -0.25583757051
140.71400000000943 90.52650000000064 -0.28657264788 -0.26774549894
140.71400000000943 100.58500000000072 -0.24506541234 -0.27454966645
140.71400000000943 110.64350000000078 -0.1991930596 -0.27835845968
140.71400000000943 120.70200000000085 -0.15087180562 -0.28043847801
140.71400000000943 130.76050000000092 -0.10118053979 -0.28152764781
140.71400000000943 140.819000000001 -0.050752020221 -0.28204149762
140.71400000000943 150.87750000000108 2.6221666888e-06 -0.28219120778
150.7650000000101 -150.87750000000108 2.6199307508e-06 -0.33546557872
150.7650000000101 -140.819000000001 0.049764868333 -0.33524550789
150.7650000000101 -130.76050000000092 0.099025720014 -0.33448951413
150.7650000000101 -120.70200000000085 0.1471643328 -0.33288835
150.7650000000101 -110.64350000000078 0.19325879998 -0.32984373129
150.7650000000101 -100.58500000000072 0.23579166692 -0.32431617329
150.7650000000101 -90.52650000000064 0.272173815 -0.31457583063
150.7650000000101 -80.46800000000057 0.29807271315 -0.29788617459
150.7650000000101 -70.4095000000005 0.30683238607 -0.27035643046
150.7650000000101 -60.351000000000425 0.29021553417 -0.22772988885
150.7650000000101 -50.29250000000036 0.24306280868 -0.16839736097
150.7650000000101 -40.234000000000286 0.17201948993 -0.098034225275
150.7650000000101 -30.175500000000213 0.097927313198 -0.029884961597
150.7650000000101 -20.117000000000143 0.04258498534 0.022846214597
150.7650000000101 -10.058500000000071 0.012979026123 0.054196404448
150.7650000000101 0.0 6.7487074789e-08 0.064345748637
150.7650000000101 10.058500000000071 -0.012978870423 0.054196451584
150.7650000000101 20.117000000000143 -0.042584774413 0.022846312528
150.7650000000101 30.175500000000213 -0.097927039148 -0.029884816424
150.7650000000101 40.234000000000286 -0.17201918656 -0.098034055001
150.7650000000101 50.29250000000036 -0.24306253124 -0.16839719961
150.7650000000101 60.351000000000425 -0.29021531725 -0.22772976089
150.7650000000101 70.4095000000005 -0.30683222764 -0.27035634046
150.7650000000101 80.46800000000057 -0.29807258987 -0.29788611513
150.7650000000101 90.52650000000064 -0.27217369493 -0.31457579233
150.7650000000101 100.58500000000072 -0.23579150586 -0.32431614883
150.7650000000101 110.64350000000078 -0.19325852103 -0.32984371579
150.7650000000101 120.70200000000085 -0.14716378145 -0.33288834025
150.7650000000101 130.76050000000092 -0.099024569693 -0.33448950795
150.7650000000101 140.819000000001 -0.049762420611 -0.33524550423
150.7650000000101 150.87750000000108 2.6199307508e-06 -0.33546557872
160.81600000001077 -150.87750000000108 2.6137630025e-06 -0.38867762003
160.81600000001077 -140.819000000001 0.048219529838 -0.38831447009
160.81600000001077 -130.76050000000092 0.095645491381 -0.38707637691
160.81600000001077 -120.70200000000085 0.14132983978 -0.38449141019
160.81600000001077 -110.64350000000078 0.18391727941 -0.37967178309
160.81600000001077 -100.58500000000072 0.22127395328 -0.37113224526
160.81600000001077 -90.52650000000064 0.24996029295 -0.35653347856
160.81600000001077 -80.46800000000057 0.26470566429 -0.33249930058
160.81600000001077 -70.4095000000005 0.25860719276 -0.29501342762
160.81600000001077 -60.351000000000425 0.22580431298 -0.24139066282
160.81600000001077 -50.29250000000036 0.16791679114 -0.17413316214
160.81600000001077 -40.234000000000286 0.099220993931 -0.10320026688
160.81600000001077 -30.175500000000213 0.040826473933 -0.041679326516
160.81600000001077 -20.117000000000143 0.0067154365069 0.0019603523908
160.81600000001077 -10.058500000000071 -0.0034688434489 0.026528894656
160.81600000001077 0.0 4.9853283385e-08 0.034291612942
160.81600000001077 10.058500000000071 0.0034689597713 0.026528930613
160.81600000001077 20.117000000000143 -0.0067152727003 0.0019604302891
160.81600000001077 30.175500000000213 -0.040826244763 -0.041679201948
160.81600000001077 40.234000000000286 -0.099220711664 -0.10320010437
160.81600000001077 50.29250000000036 -0.16791649896 -0.17413298799
160.81600000001077 60.351000000000425 -0.22580405622 -0.24139050719
160.81600000001077 70.4095000000005 -0.25860698923 -0.29501330697
160.81600000001077 80.46800000000057 -0.26470550207 -0.33249921498
160.81600000001077 90.52650000000064 -0.24996014268 -0.35653342056
160.81600000001077 100.58500000000072 -0.22127377009 -0.37113220702
160.81600000001077 110.64350000000078 -0.1839169858 -0.37967175873
160.81600000001077 120.70200000000085 -0.14132928158 -0.38449139557
160.81600000001077 130.76050000000092 -0.095644342795 -0.38707636893
160.81600000001077 140.819000000001 -0.0482170919 -0.38831446645
160.81600000001077 150.87750000000108 2.6137630025e-06 -0.38867762003
170.86700000001144 -150.87750000000108 2.5998371827e-06 -0.4414827108
170.86700000001144 -140.819000000001 0.045757151289 -0.44083359923
170.86700000001144 -130.76050000000092 0.090242548287 -0.43864887137
170.86700000001144 -120.70200000000085 0.13199240106 -0.43419369499
170.86700000001144 -110.64350000000078 0.16902567955 -0.42614463864
170.86700000001144 -100.58500000000072 0.1984169675 -0.41242078059
170.86700000001144 -90.52650000000064 0.21586016713 -0.390044576
170.86700000001144 -80.46800000000057 0.21570279748 -0.35539766759
170.86700000001144 -70.4095000000005 0.19261857752 -0.30560956461
170.86700000001144 -60.351000000000425 0.14610971551 -0.24155169002
170.86700000001144 -50.29250000000036 0.085494704818 -0.17049516015
170.86700000001144 -40.234000000000286 0.02827755693 -0.10415348661
170.86700000001144 -30.175500000000213 -0.0096956717268 -0.052259937902
170.86700000001144 -20.117000000000143 -0.023084878811 -0.018029229063
170.86700000001144 -10.058500000000071 -0.016713591885 0.00047592185608
170.86700000001144 0.0 3.5713864547e-08 0.0062271937499
170.86700000001144 10.058500000000071 0.016713675664 0.0004759466906
170.86700000001144 20.117000000000143 0.023084999754 -0.018029172887
170.86700000001144 30.175500000000213 0.0096958506221 -0.052259841277
170.86700000001144 40.234000000000286 -0.028277315349 -0.10415334678
170.86700000001144 50.29250000000036 -0.085494423076 -0.17049499007
170.86700000001144 60.351000000000425 -0.14610943423 -0.24155151615
170.86700000001144 70.4095000000005 -0.192618329 -0.30560941213
170.86700000001144 80.46800000000057 -0.21570258725 -0.3553975482
170.86700000001144 90.52650000000064 -0.21585997496 -0.39004448898
170.86700000001144 100.58500000000072 -0.19841675118 -0.41242072025
170.86700000001144 110.64350000000078 -0.16902536251 -0.42614459925
170.86700000001144 120.70200000000085 -0.13199183074 -0.434193672
170.86700000001144 130.76050000000092 -0.090241401404 -0.4386488607
170.86700000001144 140.819000000001 -0.045754730267 -0.44083359645
170.86700000001144 150.87750000000108 2.5998371827e-06 -0.4414827108
180.9180000000121 -150.87750000000108 2.5711388729e-06 -0.49313455808
180.9180000000121 -140.819000000001 0.041758454585 -0.49192438794
180.9180000000121 -130.76050000000092 0.08145798216 -0.48791336018
180.9180000000121 -120.70200000000085 0.11685717603 -0.47996879276
180.9180000000121 -110.64350000000078 0.14515831713 -0.46618808755
180.9180000000121 -100.58500000000072 0.16264464912 -0.44388135268
180.9180000000121 -90.52650000000064 0.16468609045 -0.4098391996
180.9180000000121 -80.46800000000057 0.14693761604 -0.36144703561
180.9180000000121 -70.4095000000005 0.1085594174 -0.2990326933
180.9180000000121 -60.351000000000425 0.056104759538 -0.22821043671
180.9180000000121 -50.29250000000036 0.0033762803481 -0.15905637224
180.9180000000121 -40.234000000000286 -0.034978739145 -0.10130699193
180.9180000000121 -30.175500000000213 -0.051202057102 -0.059677507537
180.9180000000121 -20.117000000000143 -0.046409404005 -0.033466193851
180.9180000000121 -10.058500000000071 -0.026847660439 -0.019557296841
180.9180000000121 0.0 2.565094967e-08 -0.015252755618
180.9180000000121 10.058500000000071 0.026847720114 -0.01955728361
180.9180000000121 20.117000000000143 0.046409490228 -0.033466160994
180.9180000000121 30.175500000000213 0.051202188418 -0.059677444373
180.9180000000121 40.234000000000286 0.034978928738 -0.10130688854
180.9180000000121 50.29250000000036 -0.0033760351809 -0.15905622797
180.9180000000121 60.351000000000425 -0.056104482098 -0.22821026581
180.9180000000121 70.4095000000005 -0.10855913946 -0.29903251992
180.9180000000121 80.46800000000057 -0.14693735748 -0.36144688128
180.9180000000121 90.52650000000064 -0.16468584637 -0.40983907512
180.9180000000121 100.58500000000072 -0.16264438633 -0.44388125969
180.9180000000121 110.64350000000078 -0.14515796402 -0.46618802394
180.9180000000121 120.70200000000085 -0.11685658488 -0.47996875555
180.9180000000121 130.76050000000092 -0.081456836 -0.4879133452
180.9180000000121 140.819000000001 -0.041756062083 -0.49192438763
180.9180000000121 150.87750000000108 2.5711388729e-06 -0.49313455808
190.96900000001278 -150.87750000000108 2.5151028722e-06 -0.54211517322
190.96900000001278 -140.819000000001 0.035158487515 -0.53982738142
190.96900000001278 -130.76050000000092 0.066993326221 -0.5323742099
190.96900000001278 -120.70200000000085 0.092198309439 -0.51811207819
190.96900000001278 -110.64350000000078 0.10717912646 -0.49460334295
190.96900000001278 -100.58500000000072 0.10805823693 -0.45905912417
190.96900000001278 -90.52650000000064 0.091618828732 -0.40939355565
190.96900000001278 -80.46800000000057 0.057673762096 -0.34613086095
190.96900000001278 -70.4095000000005 0.011739341159 -0.2741946032
190.96900000001278 -60.351000000000425 -0.035094179591 -0.20233270977
190.96900000001278 -50.29250000000036 -0.070515300009 -0.13952387752
190.96900000001278 -40.234000000000286 -0.08679075564 -0.091047253744
190.96900000001278 -30.175500000000213 -0.083195811023 -0.057421514053
190.96900000001278 -20.117000000000143 -0.063833596411 -0.036312536971
190.96900000001278 -10.058500000000071 -0.034324058829 -0.02493062869
190.96900000001278 0.0 2.0861460031e-08 -0.021355534048
190.96900000001278 10.058500000000071 0.03432410505 -0.024930630125
190.96900000001278 20.117000000000143 0.063833659179 -0.036312532545
190.96900000001278 30.175500000000213 0.083195904347 -0.057421491725
190.96900000001278 40.234000000000286 0.086790893668 -0.091047199718
190.96900000001278 50.29250000000036 0.070515491665 -0.13952378151
190.96900000001278 60.351000000000425 0.035094421342 -0.2023325717
190.96900000001278 70.4095000000005 -0.011739066195 -0.27419443618
190.96900000001278 80.46800000000057 -0.057673473597 -0.34613068642
190.96900000001278 90.52650000000064 -0.091618533944 -0.40939339433
190.96900000001278 100.58500000000072 -0.10805791729 -0.45905899015
190.96900000001278 110.64350000000078 -0.1071787224 -0.49460324408
190.96900000001278 120.70200000000085 -0.092197684759 -0.51811201826
190.96900000001278 130.76050000000092 -0.066992178233 -0.53237418793
190.96900000001278 140.819000000001 -0.03515614215 -0.53982738641
190.96900000001278 150.87750000000108 2.5151028722e-06 -0.54211517322
201.02000000001345 -150.87750000000108 2.4098180282e-06 -0.58545654546
201.02000000001345 -140.819000000001 0.024151115107 -0.58115741587
201.02000000001345 -130.76050000000092 0.043081555372 -0.56743815803
201.02000000001345 -120.70200000000085 0.052380160519 -0.54229514597
201.02000000001345 -110.64350000000078 0.048465492265 -0.50350707095
201.02000000001345 -100.58500000000072 0.029286314645 -0.44986272941
201.02000000001345 -90.52650000000064 -0.0040731762689 -0.38273969006
201.02000000001345 -80.46800000000057 -0.045994182022 -0.3071960025
201.02000000001345 -70.4095000000005 -0.087102123386 -0.23112051073
201.02000000001345 -60.351000000000425 -0.11755853306 -0.16240004103
201.02000000001345 -50.29250000000036 -0.13104907309 -0.1060514161
201.02000000001345 -40.234000000000286 -0.1265636142 -0.063346913119
201.02000000001345 -30.175500000000213 -0.10700114574 -0.033034171531
201.02000000001345 -20.117000000000143 -0.076712315567 -0.013085890719
201.02000000001345 -10.058500000000071 -0.039875444105 -0.0017967468141
201.02000000001345 0.0 2.4503804554e-08 0.0018560746249
201.02000000001345 10.058500000000071 0.039875492479 -0.0017967717252
201.02000000001345 20.117000000000143 0.076712369835 -0.013085928871
201.02000000001345 30.175500000000213 0.10700121545 -0.033034206206
201.02000000001345 40.234000000000286 0.12656371108 -0.063346926212
201.02000000001345 50.29250000000036 0.13104920931 -0.10605139142
201.02000000001345 60.351000000000425 0.11755871762 -0.16239996825
201.02000000001345 70.4095000000005 0.087102358066 -0.23112038943
201.02000000001345 80.46800000000057 0.045994461779 -0.30719584378
201.02000000001345 90.52650000000064 0.0040734969492 -0.38273951396
201.02000000001345 100.58500000000072 -0.029285943521 -0.44986255973
201.02000000001345 110.64350000000078 -0.048465027775 -0.50350693077
201.02000000001345 120.70200000000085 -0.052379488105 -0.54229505457
201.02000000001345 130.76050000000092 -0.04308040157 -0.56743812577
201.02000000001345 140.819000000001 -0.024148846185 -0.58115743105
201.02000000001345 150.87750000000108 2.4098180282e-06 -0.58545654546
211.07100000001415 -150.87750000000108 2.2188665384e-06 -0.61747850001
211.07100000001415 -140.819000000001 0.0058122670011 -0.60959162694
211.07100000001415 -130.76050000000092 0.0040374358984 -0.58510552682
211.07100000001415 -120.70200000000085 -0.0097882933405 -0.54276275551
211.07100000001415 -110.64350000000078 -0.036700934649 -0.48291786867
211.07100000001415 -100.58500000000072 -0.07385479417 -0.408790852
211.07100000001415 -90.52650000000064 -0.11482605743 -0.32651764692
211.07100000001415 -80.46800000000057 -0.15139879869 -0.24365046013
211.07100000001415 -70.4095000000005 -0.17618746406 -0.16689359875
211.07100000001415 -60.351000000000425 -0.18502331849 -0.10046528089
211.07100000001415 -50.29250000000036 -0.17765134053 -0.045898459125
211.07100000001415 -40.234000000000286 -0.15652893844 -0.0029530097629
211.07100000001415 -30.175500000000213 -0.12513307214 0.029287676362
211.07100000001415 -20.117000000000143 -0.086817342751 0.051719123447
211.07100000001415 -10.058500000000071 -0.044364028631 0.064959291021
211.07100000001415 0.0 4.4000334713e-08 0.069339015194
211.07100000001415 10.058500000000071 0.044364105598 0.064959226043
211.07100000001415 20.117000000000143 0.086817409658 0.051719016725
211.07100000001415 30.175500000000213 0.1251331361 0.029287555894
211.07100000001415 40.234000000000286 0.15652900984 -0.0029531178234
211.07100000001415 50.29250000000036 0.17765143167 -0.045898533189
211.07100000001415 60.351000000000425 0.18502344266 -0.10046530516
211.07100000001415 70.4095000000005 0.17618763442 -0.1668935644
211.07100000001415 80.46800000000057 0.15139902735 -0.24365036682
211.07100000001415 90.52650000000064 0.11482635651 -0.32651750439
211.07100000001415 100.58500000000072 0.073855181377 -0.40879068134
211.07100000001415 110.64350000000078 0.036701446522 -0.48291770249
211.07100000001415 120.70200000000085 0.0097890183895 -0.54276263392
211.07100000001415 130.76050000000092 -0.0040362746296 -0.58510548428
211.07100000001415 140.819000000001 -0.0058101196123 -0.60959166058
211.07100000001415 150.87750000000108 2.2188665384e-06 -0.61747850001
221.12200000001482 -150.87750000000108 1.8884537529e-06 -0.62732546862
221.12200000001482 -140.819000000001 -0.024053198765 -0.61354923093
221.12200000001482 -130.76050000000092 -0.057112388003 -0.57240824098
221.12200000001482 -120.70200000000085 -0.099931169066 -0.5066662349
221.12200000001482 -110.64350000000078 -0.14728666496 -0.42329435968
221.12200000001482 -100.58500000000072 -0.19149459772 -0.331313961
221.12200000001482 -90.52650000000064 -0.22558438386 -0.23889914128
221.12200000001482 -80.46800000000057 -0.24504505962 -0.15182293816
221.12200000001482 -70.4095000000005 -0.24846267965 -0.073407049335
221.12200000001482 -60.351000000000425 -0.23699432098 -0.0052320992675
221.12200000001482 -50.29250000000036 -0.21318347874 0.052123644283
221.12200000001482 -40.234000000000286 -0.17994290749 0.098595493788
221.12200000001482 -30.175500000000213 -0.13997211553 0.13435496099
221.12200000001482 -20.117000000000143 -0.095523334305 0.15965198368
221.12200000001482 -10.058500000000071 -0.048386897641 0.1747212027
221.12200000001482 0.0 9.414046543e-08 0.17972498637
221.12200000001482 10.058500000000071 0.048387048595 0.17472107955
221.12200000001482 20.117000000000143 0.095523444037 0.15965178455
221.12200000001482 30.175500000000213 0.13997219437 0.13435473145
221.12200000001482 40.234000000000286 0.17994297003 0.098595269294
221.12200000001482 50.29250000000036 0.21318353996 0.05212345054
221.12200000001482 60.351000000000425 0.23699439584 -0.0052322441873
221.12200000001482 70.4095000000005 0.24846278452 -0.073407133557
221.12200000001482 80.46800000000057 0.24504521465 -0.15182295549
221.12200000001482 90.52650000000064 0.22558461599 -0.2388990918
221.12200000001482 100.58500000000072 0.19149494338 -0.33131385426
221.12200000001482 110.64350000000078 0.14728717448 -0.42329422183
221.12200000001482 120.70200000000085 0.099931921288 -0.50666611551
221.12200000001482 130.76050000000092 0.057113543672 -0.5724082035
221.12200000001482 140.819000000001 0.024055157779 -0.61354929679
221.12200000001482 150.87750000000108 1.8884537529e-06 -0.62732546862
231.1730000000155 -150.87750000000108 1.3659568839e-06 -0.59396315537
231.1730000000155 -140.819000000001 -0.069597350527 -0.57212932761
231.1730000000155 -130.76050000000092 -0.14439286692 -0.51022499394
231.1730000000155 -120.70200000000085 -0.2146922693 -0.42030608482
231.1730000000155 -110.64350000000078 -0.27005755758 -0.31805250086
231.1730000000155 -100.58500000000072 -0.30559035539 -0.21497801503
231.1730000000155 -90.52650000000064 -0.32119312408 -0.11722104939
231.1730000000155 -80.46800000000057 -0.31935221497 -0.02779924747
231.1730000000155 -70.4095000000005 -0.30329157925 0.051558187504
231.1730000000155 -60.351000000000425 -0.27607228587 0.11978489375
231.1730000000155 -50.29250000000036 -0.24035842977 0.17640602714
231.1730000000155 -40.234000000000286 -0.19840266182 0.22149819735
231.1730000000155 -30.175500000000213 -0.15205905775 0.25553983444
231.1730000000155 -20.117000000000143 -0.10280770557 0.27919264958
231.1730000000155 -10.058500000000071 -0.051810457603 0.29308824341
231.1730000000155 0.0 2.0260913813e-07 0.29766768303
231.1730000000155 10.058500000000071 0.051810754844 0.29308805301
231.1730000000155 20.117000000000143 0.10280789653 0.27919236268
231.1730000000155 30.175500000000213 0.15205917226 0.25553951578
231.1730000000155 40.234000000000286 0.1984027303 0.22149788374
231.1730000000155 50.29250000000036 0.24035847596 0.17640573933
231.1730000000155 60.351000000000425 0.27607232814 0.11978464494
231.1730000000155 70.4095000000005 0.30329163439 0.051557987288
231.1730000000155 80.46800000000057 0.31935230299 -0.027799391815
231.1730000000155 90.52650000000064 0.32119327479 -0.11722113305
231.1730000000155 100.58500000000072 0.30559061631 -0.21497803768
231.1730000000155 110.64350000000078 0.27005799945 -0.31805247357
231.1730000000155 120.70200000000085 0.21469298468 -0.42030604445
231.1730000000155 130.76050000000092 0.14439397129 -0.51022501046
231.1730000000155 140.819000000001 0.069599031869 -0.57212944518
231.1730000000155 150.87750000000108 1.3659568839e-06 -0.59396315537
241.22400000001616 -150.87750000000108 7.0288038401e-07 -0.47862641902
241.22400000001616 -140.819000000001 -0.12890343603 -0.45064991965
241.22400000001616 -130.76050000000092 -0.24889964901 -0.37489750123
241.22400000001616 -120.70200000000085 -0.33543442606 -0.27269616424
241.22400000001616 -110.64350000000078 -0.38296037832 -0.16464074932
241.22400000001616 -100.58500000000072 -0.3992409117 -0.061519265917
241.22400000001616 -90.52650000000064 -0.39371748705 0.032241774871
241.22400000001616 -80.46800000000057 -0.37323470755 0.11461533664
241.22400000001616 -70.4095000000005 -0.34218367342 0.18461951481
241.22400000001616 -60.351000000000425 -0.30348630863 0.24211450649
241.22400000001616 -50.29250000000036 -0.25925258662 0.28772063436
241.22400000001616 -40.234000000000286 -0.21109211757 0.3225720622
241.22400000001616 -30.175500000000213 -0.16024824978 0.34798587177
241.22400000001616 -20.117000000000143 -0.10766892828 0.3651815782
241.22400000001616 -10.058500000000071 -0.054068722939 0.37510594892
241.22400000001616 0.0 4.2659970983e-07 0.37834772044
241.22400000001616 10.058500000000071 0.054069274871 0.37510568041
241.22400000001616 20.117000000000143 0.10766924054 0.36518122837
241.22400000001616 30.175500000000213 0.16024841461 0.34798551999
241.22400000001616 40.234000000000286 0.21109220161 0.32257173245
241.22400000001616 50.29250000000036 0.25925263006 0.2877203306
241.22400000001616 60.351000000000425 0.30348633557 0.24211422766
241.22400000001616 70.4095000000005 0.34218370093 0.18461926036
241.22400000001616 80.46800000000057 0.37323475292 0.11461510794
241.22400000001616 90.52650000000064 0.39371757563 0.032241575026
241.22400000001616 100.58500000000072 0.39924108789 -0.061519433101
241.22400000001616 110.64350000000078 0.3829607188 -0.16464088337
241.22400000001616 120.70200000000085 0.33543504146 -0.27269627978
241.22400000001616 130.76050000000092 0.24890063526 -0.37489764144
241.22400000001616 140.819000000001 0.12890475739 -0.45065010273
241.22400000001616 150.87750000000108 7.0288038401e-07 -0.47862641902
251.27500000001683 -150.87750000000108 2.5023553906e-07 -0.24749825986
251.27500000001683 -140.819000000001 -0.18440279588 -0.22469924324
251.27500000001683 -130.76050000000092 -0.34420946913 -0.15947749786
251.27500000001683 -120.70200000000085 -0.43531946259 -0.070281506431
251.27500000001683 -110.64350000000078 -0.46740773869 0.021100008537
251.27500000001683 -100.58500000000072 -0.46433991621 0.10465606763
251.27500000001683 -90.52650000000064 -0.44162808189 0.17703872009
251.27500000001683 -80.46800000000057 -0.4073700798 0.23741380483
251.27500000001683 -70.4095000000005 -0.36579699876 0.28617728874
251.27500000001683 -60.351000000000425 -0.31934035399 0.32445641096
251.27500000001683 -50.29250000000036 -0.26956997512 0.35371914386
251.27500000001683 -40.234000000000286 -0.21758057555 0.37545869623
251.27500000001683 -30.175500000000213 -0.16415373584 0.3909908255
251.27500000001683 -20.117000000000143 -0.10984221388 0.40135524558
251.27500000001683 -10.058500000000071 -0.055031990786 0.40728606523
251.27500000001683 0.0 8.8918314949e-07 0.40921541947
251.27500000001683 10.058500000000071 0.055032942863 0.40728569691
251.27500000001683 20.117000000000143 0.10984267583 0.40135485537
251.27500000001683 30.175500000000213 0.16415395346 0.39099048426
251.27500000001683 40.234000000000286 0.2175806764 0.37545840468
251.27500000001683 50.29250000000036 0.26957002174 0.35371888767
251.27500000001683 60.351000000000425 0.31934037769 0.32445617542
251.27500000001683 70.4095000000005 0.36579701746 0.28617706204
251.27500000001683 80.46800000000057 0.40737010814 0.23741357849
251.27500000001683 90.52650000000064 0.44162813938 0.17703848922
251.27500000001683 100.58500000000072 0.46434003762 0.10465583173
251.27500000001683 110.64350000000078 0.46740798958 0.021099772085
251.27500000001683 120.70200000000085 0.43531995261 -0.070281737746
251.27500000001683 130.76050000000092 0.34421029691 -0.15947772888
251.27500000001683 140.819000000001 0.18440376473 -0.22469945312
251.27500000001683 150.87750000000108 2.5023553906e-07 -0.24749825986
261.32600000001753 -150.87750000000108 0.0 0.0
261.32600000001753 -140.819000000001 -0.22637281811 0.019343753421
261.32600000001753 -130.76050000000092 -0.41309835822 0.068717664401
261.32600000001753 -120.70200000000085 -0.49968427654 0.1280211872
261.32600000001753 -110.64350000000078 -0.51751598088 0.18429573253
261.32600000001753 -100.58500000000072 -0.50076090128 0.23369801081
261.32600000001753 -90.52650000000064 -0.4669820752 0.27532805754
261.32600000001753 -80.46800000000057 -0.42428945221 0.30931010619
261.32600000001753 -70.4095000000005 -0.3765538305 0.33631038688
261.32600000001753 -60.351000000000425 -0.3257930004 0.35726660652
261.32600000001753 -50.29250000000036 -0.27316946076 0.37317586009
261.32600000001753 -40.234000000000286 -0.21940483039 0.38495270391
261.32600000001753 -30.175500000000213 -0.1649616924 0.39335562522
261.32600000001753 -20.117000000000143 -0.11013514105 0.39896237579
261.32600000001753 -10.058500000000071 -0.055109150474 0.40217200803
261.32600000001753 0.0 1.8359299824e-06 0.40321642891
261.32600000001753 10.058500000000071 0.055110624534 0.40217167445
261.32600000001753 20.117000000000143 0.11013576529 0.39896203542
261.32600000001753 30.175500000000213 0.16496196144 0.39335534206
261.32600000001753 40.234000000000286 0.2194049469 0.38495247511
261.32600000001753 50.29250000000036 0.27316951191 0.37317566895
261.32600000001753 60.351000000000425 0.32579302537 0.35726643633
261.32600000001753 70.4095000000005 0.37655384886 0.33631022372
261.32600000001753 80.46800000000057 0.42428947723 0.30930993886
261.32600000001753 90.52650000000064 0.46698212202 0.27532787765
261.32600000001753 100.58500000000072 0.50076099536 0.23369781442
261.32600000001753 110.64350000000078 0.51751617032 0.1842955248
261.32600000001753 120.70200000000085 0.49968464644 0.12802099016
261.32600000001753 130.76050000000092 0.41309899982 0.068717518831
261.32600000001753 140.819000000001 0.22637352141 0.019343689534
261.32600000001753 150.87750000000108 0.0 0.0
